,A,B,C,D
A,0.9999999999999998,-0.0007999999999999669,-0.0007499999999999986,-0.0006031199077923565
B,-0.0007999999999999669,1.0000000000000009,-0.0007663247229108678,-0.0006031199077923591
C,-0.0007499999999999986,-0.0007663247229108678,1.0000000000000004,-0.0006031199077922436
D,-0.0006031199077923565,-0.0006031199077923591,-0.0006031199077922436,1.0
