,A,B,C,D
A,1.0000000000000004,-0.0006933333333331057,-0.0005500000000001168,-0.00042000000000015907
B,-0.0006933333333331057,0.999999999999998,-0.0005499999999999295,-0.00042000000000040974
C,-0.0005500000000001168,-0.0005499999999999295,0.9999999999999993,-0.00042000000000024825
D,-0.00042000000000015907,-0.00042000000000040974,-0.00042000000000024825,0.9999999999999998
