,A,B,C,D
A,1.0000000000000004,-0.0010399999999996584,-0.0008250000000001753,-0.0006300000000002387
B,-0.0010399999999996584,0.999999999999998,-0.0008249999999998942,-0.0006300000000006147
C,-0.0008250000000001753,-0.0008249999999998942,0.9999999999999993,-0.0006300000000003723
D,-0.0006300000000002387,-0.0006300000000006147,-0.0006300000000003723,0.9999999999999998
